337.5
337.5
180.0
45.0
45.0
315.0
270.0
270.0
337.5
45.0
315.0
67.5
292.5
67.5
315.0
292.5
225.0
67.5
180.0
22.5
337.5
45.0
45.0
337.5
45.0
67.5
45.0
22.5
180.0
67.5
270.0
45.0
337.5
315.0
22.5
270.0
337.5
315.0
67.5
315.0
45.0
292.5
225.0
45.0
22.5
180.0
292.5
67.5
45.0
45.0
45.0
202.5
292.5
315.0
292.5
315.0
22.5
45.0
67.5
337.5
225.0
315.0
337.5
45.0
315.0
270.0
337.5
225.0
315.0
247.5
180.0
45.0
225.0
315.0
225.0
315.0
315.0
45.0
22.5
337.5
22.5
67.5
45.0
22.5
67.5
67.5
67.5
45.0
67.5
67.5
67.5
292.5
225.0
67.5
45.0
225.0
45.0
337.5
67.5
180.0
45.0
22.5
292.5
45.0
112.5
315.0
225.0
22.5
292.5
112.5
225.0
270.0
180.0
225.0
315.0
225.0
67.5
45.0
315.0
337.5
67.5
67.5
225.0
292.5
315.0
315.0
315.0
247.5
270.0
337.5
22.5
337.5
90.0
45.0
67.5
337.5
45.0
45.0
292.5
22.5
22.5
45.0
45.0
45.0
45.0
67.5
45.0
45.0
45.0
45.0
45.0
337.5
45.0
67.5
247.5
292.5
202.5
292.5
202.5
315.0
292.5
225.0
225.0
337.5
247.5
270.0
315.0
45.0
45.0
22.5
292.5
337.5
315.0
22.5
22.5
315.0
45.0
180.0
315.0
202.5
67.5
45.0
45.0
315.0
67.5
337.5
225.0
315.0
337.5
247.5
45.0
247.5
292.5
22.5
337.5
22.5
45.0
67.5
22.5
45.0
270.0
225.0
315.0
22.5
315.0
45.0
45.0
45.0
225.0
292.5
90.0
22.5
45.0
22.5
225.0
67.5
67.5
22.5
45.0
292.5
45.0
45.0
315.0
67.5
67.5
22.5
45.0
292.5
67.5
22.5
45.0
22.5
67.5
225.0
22.5
202.5
67.5
45.0
22.5
337.5
45.0
22.5
22.5
22.5
45.0
45.0
45.0
337.5
22.5
67.5
292.5
270.0
202.5
45.0
22.5
45.0
45.0
270.0
45.0
67.5
45.0
337.5
247.5
