22.5
292.5
225.0
45.0
67.5
202.5
90.0
337.5
22.5
22.5
202.5
337.5
180.0
202.5
202.5
202.5
22.5
180.0
337.5
337.5
180.0
337.5
22.5
337.5
337.5
180.0
337.5
337.5
337.5
22.5
180.0
22.5
22.5
22.5
225.0
292.5
22.5
22.5
22.5
45.0
180.0
22.5
22.5
22.5
22.5
22.5
292.5
22.5
22.5
22.5
22.5
247.5
45.0
22.5
22.5
180.0
180.0
202.5
22.5
22.5
292.5
45.0
292.5
225.0
22.5
22.5
22.5
22.5
22.5
247.5
225.0
337.5
180.0
180.0
337.5
337.5
337.5
202.5
337.5
337.5
202.5
337.5
180.0
180.0
180.0
337.5
225.0
180.0
135.0
225.0
337.5
202.5
337.5
22.5
202.5
225.0
225.0
225.0
202.5
22.5
22.5
202.5
22.5
202.5
270.0
292.5
22.5
247.5
45.0
202.5
22.5
157.5
45.0
22.5
22.5
22.5
247.5
22.5
